x(1,1)=0;x(2,1)=0;x(3,1)=0;x(4,1)=2;x(5,1)=2;x(6,1)=0;x(7,1)=0;x(8,1)=0;x(9,1)=40.85;x(10,1)=1;
x(1,2)=2;x(2,2)=2;x(3,2)=0;x(4,2)=0;x(5,2)=0;x(6,2)=40.85;x(7,2)=0;x(8,2)=0;x(9,2)=0;x(10,2)=0;
x(1,3)=2;x(2,3)=2;x(3,3)=0;x(4,3)=0;x(5,3)=0;x(6,3)=45.97;x(7,3)=0;x(8,3)=0;x(9,3)=0;x(10,3)=0;
x(1,4)=0;x(2,4)=0;x(3,4)=0;x(4,4)=2;x(5,4)=2;x(6,4)=0;x(7,4)=0;x(8,4)=0;x(9,4)=0;x(10,4)=1;
x(1,5)=0;x(2,5)=2;x(3,5)=0;x(4,5)=0;x(5,5)=0;x(6,5)=0;x(7,5)=0;x(8,5)=0;x(9,5)=0;x(10,5)=0;
x(1,6)=0;x(2,6)=0;x(3,6)=0;x(4,6)=2;x(5,6)=0;x(6,6)=0;x(7,6)=0;x(8,6)=0;x(9,6)=0;x(10,6)=1;
x(1,7)=2;x(2,7)=1;x(3,7)=0;x(4,7)=0;x(5,7)=0;x(6,7)=61.89;x(7,7)=0;x(8,7)=0;x(9,7)=0;x(10,7)=0;
x(1,8)=0;x(2,8)=0;x(3,8)=0;x(4,8)=1;x(5,8)=2;x(6,8)=0;x(7,8)=0;x(8,8)=0;x(9,8)=61.89;x(10,8)=1;
x(1,9)=0;x(2,9)=2;x(3,9)=2;x(4,9)=2;x(5,9)=0;x(6,9)=0;x(7,9)=14.18;x(8,9)=23.73;x(9,9)=0;x(10,9)=0;
x(1,10)=0;x(2,10)=2;x(3,10)=2;x(4,10)=2;x(5,10)=0;x(6,10)=0;x(7,10)=23.73;x(8,10)=14.18;x(9,10)=0;x(10,10)=1;
x(1,11)=0;x(2,11)=2;x(3,11)=2;x(4,11)=0;x(5,11)=0;x(6,11)=0;x(7,11)=28.25;x(8,11)=0;x(9,11)=0;x(10,11)=0;
x(1,12)=0;x(2,12)=0;x(3,12)=2;x(4,12)=2;x(5,12)=0;x(6,12)=0;x(7,12)=0;x(8,12)=28.25;x(9,12)=0;x(10,12)=1;
x(1,13)=0;x(2,13)=0;x(3,13)=0;x(4,13)=2;x(5,13)=2;x(6,13)=0;x(7,13)=0;x(8,13)=0;x(9,13)=41;x(10,13)=1;
x(1,14)=0;x(2,14)=0;x(3,14)=0;x(4,14)=2;x(5,14)=2;x(6,14)=0;x(7,14)=0;x(8,14)=0;x(9,14)=40.2;x(10,14)=1;
x(1,15)=0;x(2,15)=0;x(3,15)=0;x(4,15)=2;x(5,15)=2;x(6,15)=0;x(7,15)=0;x(8,15)=0;x(9,15)=38.5;x(10,15)=1;
x(1,16)=0;x(2,16)=0;x(3,16)=0;x(4,16)=2;x(5,16)=2;x(6,16)=41;x(7,16)=0;x(8,16)=0;x(9,16)=0;x(10,16)=0;
x(1,17)=0;x(2,17)=0;x(3,17)=0;x(4,17)=2;x(5,17)=2;x(6,17)=40.2;x(7,17)=0;x(8,17)=0;x(9,17)=0;x(10,17)=0;
x(1,18)=0;x(2,18)=0;x(3,18)=0;x(4,18)=2;x(5,18)=2;x(6,18)=38.5;x(7,18)=0;x(8,18)=0;x(9,18)=0;x(10,18)=0;
x(1,19)=0;x(2,19)=2;x(3,19)=2;x(4,19)=0;x(5,19)=0;x(6,19)=0;x(7,19)=28;x(8,19)=0;x(9,19)=0;x(10,19)=0;
x(1,20)=0;x(2,20)=0;x(3,20)=2;x(4,20)=2;x(5,20)=0;x(6,20)=0;x(7,20)=0;x(8,20)=28;x(9,20)=0;x(10,20)=1;
x(1,21)=0;x(2,21)=2;x(3,21)=2;x(4,21)=0;x(5,21)=0;x(6,21)=0;x(7,21)=28.75;x(8,21)=0;x(9,21)=0;x(10,21)=0;
x(1,22)=0;x(2,22)=0;x(3,22)=2;x(4,22)=2;x(5,22)=0;x(6,22)=0;x(7,22)=0;x(8,22)=28.75;x(9,22)=0;x(10,22)=1;
x(1,23)=0;x(2,23)=2;x(3,23)=2;x(4,23)=0;x(5,23)=0;x(6,23)=0;x(7,23)=29;x(8,23)=0;x(9,23)=0;x(10,23)=0;
x(1,24)=0;x(2,24)=0;x(3,24)=2;x(4,24)=2;x(5,24)=0;x(6,24)=0;x(7,24)=0;x(8,24)=29;x(9,24)=0;x(10,24)=1;
x(1,25)=2;x(2,25)=2;x(3,25)=0;x(4,25)=0;x(5,25)=0;x(6,25)=45;x(7,25)=0;x(8,25)=0;x(9,25)=0;x(10,25)=0;
x(1,26)=0;x(2,26)=0;x(3,26)=0;x(4,26)=2;x(5,26)=2;x(6,26)=0;x(7,26)=0;x(8,26)=0;x(9,26)=45;x(10,26)=1;
x(1,27)=2;x(2,27)=2;x(3,27)=0;x(4,27)=0;x(5,27)=0;x(6,27)=46.1;x(7,27)=0;x(8,27)=0;x(9,27)=0;x(10,27)=0;
x(1,28)=0;x(2,28)=0;x(3,28)=0;x(4,28)=2;x(5,28)=2;x(6,28)=0;x(7,28)=0;x(8,28)=0;x(9,28)=46.1;x(10,28)=1;
x(1,29)=2;x(2,29)=2;x(3,29)=0;x(4,29)=0;x(5,29)=0;x(6,29)=44.97;x(7,29)=0;x(8,29)=0;x(9,29)=0;x(10,29)=0;
x(1,30)=0;x(2,30)=0;x(3,30)=0;x(4,30)=2;x(5,30)=2;x(6,30)=0;x(7,30)=0;x(8,30)=0;x(9,30)=44.97;x(10,30)=1;
x(1,31)=0;x(2,31)=2;x(3,31)=2;x(4,31)=2;x(5,31)=0;x(6,31)=0;x(7,31)=13;x(8,31)=22;x(9,31)=0;x(10,31)=0;
x(1,32)=0;x(2,32)=2;x(3,32)=2;x(4,32)=2;x(5,32)=0;x(6,32)=0;x(7,32)=22;x(8,32)=13;x(9,32)=0;x(10,32)=1;
x(1,33)=0;x(2,33)=2;x(3,33)=2;x(4,33)=2;x(5,33)=0;x(6,33)=0;x(7,33)=15;x(8,33)=22;x(9,33)=0;x(10,33)=0;
x(1,34)=0;x(2,34)=2;x(3,34)=2;x(4,34)=2;x(5,34)=0;x(6,34)=0;x(7,34)=22;x(8,34)=15;x(9,34)=0;x(10,34)=1;
x(1,35)=0;x(2,35)=2;x(3,35)=2;x(4,35)=2;x(5,35)=0;x(6,35)=0;x(7,35)=14;x(8,35)=24;x(9,35)=0;x(10,35)=0;
x(1,36)=0;x(2,36)=2;x(3,36)=2;x(4,36)=2;x(5,36)=0;x(6,36)=0;x(7,36)=24;x(8,36)=14;x(9,36)=0;x(10,36)=1;
x(1,37)=0;x(2,37)=0;x(3,37)=0;x(4,37)=2;x(5,37)=0;x(6,37)=0;x(7,37)=0;x(8,37)=0;x(9,37)=0;x(10,37)=1;
x(1,38)=0;x(2,38)=2;x(3,38)=0;x(4,38)=0;x(5,38)=0;x(6,38)=0;x(7,38)=0;x(8,38)=0;x(9,38)=0;x(10,38)=0;
x(1,39)=0;x(2,39)=0;x(3,39)=0;x(4,39)=2;x(5,39)=0;x(6,39)=0;x(7,39)=0;x(8,39)=0;x(9,39)=0;x(10,39)=0;
x(1,40)=0;x(2,40)=2;x(3,40)=0;x(4,40)=0;x(5,40)=0;x(6,40)=0;x(7,40)=0;x(8,40)=0;x(9,40)=0;x(10,40)=1;
x(1,41)=0;x(2,41)=0;x(3,41)=0;x(4,41)=2;x(5,41)=0;x(6,41)=0;x(7,41)=0;x(8,41)=0;x(9,41)=0;x(10,41)=1;
x(1,42)=0;x(2,42)=2;x(3,42)=0;x(4,42)=0;x(5,42)=0;x(6,42)=0;x(7,42)=0;x(8,42)=0;x(9,42)=0;x(10,42)=0;
x(1,43)=2; x(2,43)=1; x(3,43)=0; x(4,43)=0; x(5,43)=0; x(6,43)=60; x(7,43)=0; x(8,43)=0; x(9,43)=0; x(10,43)=0;
x(1,44)=0; x(2,44)=0; x(3,44)=0; x(4,44)=1; x(5,44)=2; x(6,44)=0; x(7,44)=0; x(8,44)=0; x(9,44)=60; x(10,44)=1;
x(1,45)=2; x(2,45)=1; x(3,45)=0; x(4,45)=0; x(5,45)=0; x(6,45)=62; x(7,45)=0; x(8,45)=0; x(9,45)=0; x(10,45)=0;
x(1,46)=0; x(2,46)=0; x(3,46)=0; x(4,46)=1; x(5,46)=2; x(6,46)=0; x(7,46)=0; x(8,46)=0; x(9,46)=62; x(10,46)=1;
x(1,47)=2; x(2,47)=1; x(3,47)=0; x(4,47)=0; x(5,47)=0; x(6,47)=63; x(7,47)=0; x(8,47)=0; x(9,47)=0; x(10,47)=0;
x(1,48)=0; x(2,48)=0; x(3,48)=0; x(4,48)=1; x(5,48)=2; x(6,48)=0; x(7,48)=0; x(8,48)=0; x(9,48)=63; x(10,48)=1;
x(1,49)=0;x(2,49)=2;x(3,49)=2;x(4,49)=0;x(5,49)=0;x(6,49)=0;x(7,49)=27.75;x(8,49)=0;x(9,49)=0;x(10,49)=0;
x(1,50)=0;x(2,50)=0;x(3,50)=2;x(4,50)=2;x(5,50)=0;x(6,50)=0;x(7,50)=0;x(8,50)=27.75;x(9,50)=0;x(10,50)=1;
x(1,51)=2;x(2,51)=2;x(3,51)=2;x(4,51)=2;x(5,51)=2;x(6,51)=35;x(7,51)=25;x(8,51)=13;x(9,51)=56;x(10,51)=1;
x(1,52)=2;x(2,52)=2;x(3,52)=2;x(4,52)=2;x(5,52)=2;x(6,52)=56;x(7,52)=13;x(8,52)=25;x(9,52)=35;x(10,52)=0;
x(1,53)=2;x(2,53)=2;x(3,53)=2;x(4,53)=2;x(5,53)=2;x(6,53)=35.2;x(7,53)=25.5;x(8,53)=13.6;x(9,53)=56.4;x(10,53)=1;
x(1,54)=2;x(2,54)=2;x(3,54)=2;x(4,54)=2;x(5,54)=2;x(6,54)=56.4;x(7,54)=13.6;x(8,54)=25.5;x(9,54)=35.2;x(10,54)=0;
x(1,55)=2;x(2,55)=2;x(3,55)=2;x(4,55)=2;x(5,55)=2;x(6,55)=34.7;x(7,55)=24.75;x(8,55)=12.8;x(9,55)=55.3;x(10,55)=1;
x(1,56)=2;x(2,56)=2;x(3,56)=2;x(4,56)=2;x(5,56)=2;x(6,56)=55.3;x(7,56)=12.8;x(8,56)=24.75;x(9,56)=34.7;x(10,56)=0;
x(1,57)=0;x(2,57)=2;x(3,57)=2;x(4,57)=0;x(5,57)=0;x(6,57)=0;x(7,57)=18.75;x(8,57)=0;x(9,57)=0;x(10,57)=1;
x(1,58)=0;x(2,58)=0;x(3,58)=2;x(4,58)=2;x(5,58)=0;x(6,58)=0;x(7,58)=0;x(8,58)=18.75;x(9,58)=0;x(10,58)=0;
x(1,59)=0;x(2,59)=0;x(3,59)=0;x(4,59)=1;x(5,59)=2;x(6,59)=0;x(7,59)=0;x(8,59)=18.75;x(9,59)=114.8186;x(10,59)=1;
x(1,60)=2;x(2,60)=1;x(3,60)=0;x(4,60)=0;x(5,60)=0;x(6,60)=114.8186;x(7,60)=0;x(8,60)=0;x(9,60)=0;x(10,60)=0;

x(1,61)=2;x(2,61)=2;x(3,61)=0;x(4,61)=0;x(5,61)=0;x(6,61)=60.38;x(7,61)=0;x(8,61)=0;x(9,61)=0;x(10,61)=0;
x(1,62)=0;x(2,62)=0;x(3,62)=0;x(4,62)=2;x(5,62)=2;x(6,62)=0;x(7,62)=0;x(8,62)=0;x(9,62)=60.38;x(10,62)=1;

x(1,63)=2;x(2,63)=2;x(3,63)=0;x(4,63)=0;x(5,63)=0;x(6,63)=39.18;x(7,63)=0;x(8,63)=0;x(9,63)=0;x(10,63)=0;
x(1,64)=0;x(2,64)=0;x(3,64)=0;x(4,64)=2;x(5,64)=2;x(6,64)=0;x(7,64)=0;x(8,64)=0;x(9,64)=39.18;x(10,64)=1;



%x(1,65)=0;x(2,65)=0;x(3,65)=2;x(4,65)=2;x(5,65)=0;x(6,65)=0;x(7,65)=0;x(8,65)=0;x(9,65)=0;x(10,65)=1;
%x(1,66)=0;x(2,66)=2;x(3,66)=2;x(4,66)=0;x(5,66)=0;x(6,66)=0;x(7,66)=0;x(8,66)=0;x(9,66)=0;x(10,66)=0;

%x(1,67)=0;x(2,67)=2;x(3,67)=2;x(4,67)=2;x(5,67)=0;x(6,67)=0;x(7,67)=0;x(8,67)=0;x(9,67)=0;x(10,67)=1;
%x(1,68)=0;x(2,68)=2;x(3,68)=2;x(4,68)=2;x(5,68)=0;x(6,68)=0;x(7,68)=0;x(8,68)=0;x(9,68)=0;x(10,68)=0;


x(1,65)=2;x(2,65)=2;x(3,65)=2;x(4,65)=0;x(5,65)=0;x(6,65)=0;x(7,65)=0;x(8,65)=0;x(9,65)=0;x(10,65)=1;
x(1,66)=0;x(2,66)=0;x(3,66)=2;x(4,66)=2;x(5,66)=2;x(6,66)=0;x(7,66)=0;x(8,66)=0;x(9,66)=0;x(10,66)=0;

x(1,67)=0;x(2,67)=0;x(3,67)=2;x(4,67)=2;x(5,67)=2;x(6,67)=0;x(7,67)=0;x(8,67)=0;x(9,67)=0;x(10,67)=1;
x(1,68)=2;x(2,68)=2;x(3,68)=2;x(4,68)=0;x(5,68)=0;x(6,68)=0;x(7,68)=0;x(8,68)=0;x(9,68)=0;x(10,68)=0;
x(1,69)=0;x(2,69)=2;x(3,69)=0;x(4,69)=2;x(5,69)=0;x(6,69)=0;x(7,69)=0;x(8,69)=0;x(9,69)=0;x(10,69)=1;
x(1,70)=0;x(2,70)=2;x(3,70)=0;x(4,70)=2;x(5,70)=0;x(6,70)=0;x(7,70)=0;x(8,70)=0;x(9,70)=0;x(10,70)=0;
 
x(1,71)=2;x(2,71)=0;x(3,71)=2;x(4,71)=0;x(5,71)=0;x(6,71)=0;x(7,71)=0;x(8,71)=0;x(9,71)=0;x(10,71)=1;
